[29043.607935] [Project1] 15795 1588107448.543496917 1588107450.906850337
[29048.332026] [Project1] 15797 1588107453.240408089 1588107455.630985090
[29053.183508] [Project1] 15798 1588107458.038870932 1588107460.482525550
[29057.980947] [Project1] 15799 1588107462.854862189 1588107465.280015943
[29062.592298] [Project1] 15800 1588107467.561627352 1588107469.891418324
[29067.321265] [Project1] 15801 1588107472.283310607 1588107474.620423649
[29071.977967] [Project1] 15804 1588107476.929187375 1588107479.277187354
[29076.742599] [Project1] 15805 1588107481.651446436 1588107484.041872319
[29081.443340] [Project1] 15806 1588107486.444393683 1588107488.742663848
[29086.051312] [Project1] 15807 1588107491.033124709 1588107493.350685649
